MultiwiniaOptions_StartDefinition
	GameTypes	Domination 
	PopulationCap	4000
	NumPlayers	4
	Effects	       	SpecialLighting	
	InvalidCrates   darkforest slowdown speedup armour
	Difficulty	advanced
	CoopMode
	CoopGroup1Positions	0 2
	CoopGroup2Positions	1 3
	OfficialLevel
MultiwiniaOptions_EndDefinition

Landscape_StartDefinition
	worldSizeX 4000
	worldSizeZ 4000
	cellSize 12.00
	outsideHeight -10.00
	landColourFile landscape_default.bmp
	wavesColourFile waves_default.bmp
	waterColourFile water_default.bmp
Landscape_EndDefinition

LandscapeTiles_StartDefinition
	#                            frac  height desired gen         lowland
	# x       y       z    size   dim  scale  height  method seed smooth  guideGrid
	# =============================================================================
	    36   0.00   2882   1100  1.20   1.00    150      1    155   1.00     0
	  2744   0.00   2746   1250  1.20   1.00    150      1    103   1.00     0
	  2755   0.00     22   1200  1.20   1.00    150      1    105   1.00     0
	    22   0.00     39   1150  1.20   1.00    150      1    116   1.00     0
	   896  -0.47    697   2300  1.20   1.00    150      1    206   1.00     0
	  2764   0.00   3383    500  1.20   1.00     50      0    105   1.00     0
	  1159   0.00    888    850  1.20   1.00     50      0      1   1.00     0
	  1910   0.00   1755    300  1.20   1.00    600      2     25   1.00     0
	  2707   0.00   1666     75  1.20   1.00    100      2   1000   1.00     0
	  2548   0.00   1773     75  1.20   1.00    150      2   1003   1.00     0
	  2397   0.00   1682     75  1.20   1.00    250      2   1006   1.00     0
	  2293   0.00   1821     75  1.20   1.00    300      2   1018   1.00     0
	   865   0.00   1437    500  1.20   1.00     30      0      1   1.00     0
	  2681   0.00    878    200  1.20   1.00     25      0   1000   1.00     0
LandscapeTiles_EndDefinition

LandFlattenAreas_StartDefinition
	# x      y       z      size
	# ==========================
LandFlattenAreas_EndDefinition

Lights_StartDefinition
	# x      y      z        r      g      b
	# =========================================
Lights_EndDefinition

Buildings_StartDefinition
	# Type              id      x       z       tm      rx      rz      isGlobal
	# ==========================================================================
	SpawnPoint          0       3657.31 2991.51 0       -0.63   0.78    0       
	SpawnPoint          1       2949.86 3575.54 1       0.90    0.43    0       
	SpawnPoint          2       975.05  3780.24 1       -0.97   -0.24   0       
	SpawnPoint          3       645.60  3030.70 2       -0.50   0.86    0       
	SpawnPoint          4       204.06  958.25  2       0.62    -0.78   0       
	SpawnPoint          5       956.97  194.29  3       -0.94   0.33    0       
	SpawnPoint          6       2973.72 297.55  3       0.55    -0.84   0       
	SpawnPoint          7       3743.56 885.66  0       0.97    -0.25   0       
	SpawnPoint          8       2640.73 1312.24 255     -0.23   -0.97   0       
	SpawnPoint          9       1393.07 1345.32 255     0.62    0.78    0       
	SpawnPoint          10      2299.83 889.83  255     -0.86   0.52    0       
	SpawnPoint          11      1589.10 871.68  255     0.62    0.78    0       
	SpawnPoint          12      1121.96 2261.37 255     0.54    0.84    0       
	SpawnPoint          13      2874.02 2160.67 255     -0.46   0.89    0       
	SpawnPoint          14      1652.72 2847.74 255     0.73    -0.68   0       
	SpawnPoint          15      2349.59 2774.59 255     -0.67   -0.75   0       
	TrunkPort           16      2901.42 1809.21 255     1.00    0.00    1       -1      
	SpawnPointMaster    17      3169.34 1647.81 1       1.00    0.00    0       18    
	SpawnLink           18      2902.11 1808.89 1       1.00    0.00    0       19    
	SpawnLink           19      2747.17 1714.99 1       1.00    0.00    0       20    
	SpawnLink           20      2568.18 1800.44 1       1.00    0.00    0       21    
	SpawnLink           21      2438.54 1709.45 1       1.00    0.00    0       22    
	SpawnLink           22      2318.60 1853.43 1       1.00    0.00    0       23    
	SpawnLink           23      2160.77 1996.27 1       1.00    0.00    0       24    
	SpawnLink           24      2108.80 1927.76 1       1.00    0.00    0       25    
	SpawnLink           25      2063.64 1921.86 1       1.00    0.00    0       26    
	SpawnLink           26      2054.35 1793.42 1       1.00    0.00    0       27    
	SpawnLink           27      2145.62 1812.04 1       1.00    0.00    0       2     3     12    14    15    13    0     1     4     5     9     11    10    8     6     7     
	Tree                28      2145.62 1812.04 1       1.00    0.00    0       350.00  2.00    1.00    1.20    7       90      2147483647  -16776961   50      
	JumpPad             29       3645.67 150.61 255     -0.56   0.83    0       126.00 0.9
	JumpPad             30       3670.71 3678.49 255    -0.52   -0.86   0       140.00 0.9
	JumpPad             31       197.38  3771.37 255    0.68    -0.74   0       145.50 0.9
	JumpPad             32       411.71  448.38 255     0.48    0.88    0       143.00 0.9 
	JumpPad             33       2900.33 892.71 255     0.78    -0.63   0       126.50 0.9 
	JumpPad             34       3083.14 2574.21 255    0.48    0.88    0       137.50 0.9 
	JumpPad             35       1036.78 2531.21 255    -0.61   0.80    0       152.50 0.9 
	JumpPad             36       1051.43 1570.42 255    -0.40   -0.92   0       152.50 0.9
	JumpPad             37       1935.23 927.53 255     0.05    1.00    0       160.00 0.9 
	JumpPad             38       1992.04 2825.53 255    -0.01   -1.00   0       160.00 0.9
	AITarget            39      3645.67 150.61  1       1.00    0.00    0       
	AITarget            40      3670.71 3678.49 1       1.00    0.00    0       
	AITarget            41      197.38  3771.37 1       1.00    0.00    0       
	AITarget            42      411.71  448.38  1       1.00    0.00    0       
	AITarget            43      2900.33 892.71  1       1.00    0.00    0       
	AITarget            44      3083.14 2574.21 1       1.00    0.00    0       
	AITarget            45      1036.78 2531.21 1       1.00    0.00    0       
	AITarget            46      1051.43 1570.42 1       1.00    0.00    0       
	AITarget            47      1935.23 927.53  1       1.00    0.00    0       
	AITarget            48      1992.04 2825.53 1       1.00    0.00    0       
	AITarget            49      242.21  908.11  1       1.00    0.00    0       
	AITarget            50      898.82  223.38  1       1.00    0.00    0       
	AITarget            52      3001.66 234.17  1       1.00    0.00    0       
	AITarget            53      3801.10 880.67  1       1.00    0.00    0       
	AITarget            55      3600.50 3079.58 1       1.00    0.00    0       
	AITarget            56      2992.31 3623.42 1       1.00    0.00    0       
	AITarget            58      918.15  3770.74 1       1.00    0.00    0       
	AITarget            59      592.07  3107.14 1       1.00    0.00    0       
	AITarget            61      1144.88 2317.29 1       1.00    0.00    0       
	AITarget            62      1688.40 2811.25 1       1.00    0.00    0       
	AITarget            63      2312.86 2738.41 1       1.00    0.00    0       
	AITarget            64      2848.90 2214.59 1       1.00    0.00    0       
	AITarget            65      2599.59 2412.17 1       1.00    0.00    0       
	AITarget            66      1354.33 2610.92 1       1.00    0.00    0       
	AITarget            67      1977.87 2536.91 1       1.00    0.00    0       
	AITarget            68      2621.87 1257.55 1       1.00    0.00    0       
	AITarget            69      2243.40 930.41  1       1.00    0.00    0       
	AITarget            70      1630.48 913.20  1       1.00    0.00    0       
	AITarget            71      1433.32 1389.23 1       1.00    0.00    0       
	AITarget            72      1986.23 1295.62 1       1.00    0.00    0       
	AITarget            51      3781.82 527.04  1       1.00    0.00    0       
	AITarget            54      3384.63 249.54  1       1.00    0.00    0       
	AITarget            57      723.47  444.82  1       1.00    0.00    0       
	AITarget            60      513.71  729.92  1       1.00    0.00    0       
	AITarget            159     553.72  3682.72 1       1.00    0.00    0       
	AITarget            160     459.74  3397.30 1       1.00    0.00    0       
	AITarget            161     3556.19 3350.58 1       1.00    0.00    0       
	AITarget            162     3336.51 3600.96 1       1.00    0.00    0       
	AITarget            163     1348.69 1647.05 1       1.00    0.00    0       
	AITarget            164     2832.98 1131.41 1       1.00    0.00    0       
	AITarget            165     1699.06 2539.34 1       1.00    0.00    0       
	AITarget            166     2273.59 2487.70 1       1.00    0.00    0       
	AITarget            167     1698.69 1223.72 1       1.00    0.00    0       
	AITarget            168     2300.31 1223.52 1       1.00    0.00    0       
	Tree                84      72.99   275.58  1       1.00    0.00    0       77.50   1.00    1.00    1.00    6       33924   -15514229   -16711936   0       
	Tree                83      104.19  524.06  1       1.00    0.00    0       66.32   1.00    1.00    1.00    6       34064   -15514229   -16711936   0       
	Tree                85      247.37  231.46  1       1.00    0.00    0       68.55   1.00    1.00    1.00    6       34241   -15514229   -16711936   0       
	Tree                86      187.30  327.66  1       1.00    0.00    0       68.92   1.00    1.00    1.00    6       34271   -15514229   -16711936   0       
	Tree                87      543.00  106.30  1       1.00    0.00    0       77.29   1.00    1.00    1.00    6       34320   -15514229   -16711936   0       
	Tree                88      953.32  625.41  1       1.00    0.00    0       70.03   1.00    1.00    1.00    6       34360   -15514229   -16711936   0       
	Tree                89      2822.71 156.00  1       1.00    0.00    0       70.77   1.00    1.00    1.00    6       34421   -15514229   -16711936   0       
	Tree                90      3276.49 64.47   1       1.00    0.00    0       86.77   1.00    1.00    1.00    6       34461   -15514229   -16711936   0       
	Tree                91      3319.69 135.35  1       1.00    0.00    0       79.14   1.00    1.00    1.00    6       34470   -15514229   -16711936   0       
	Tree                92      3359.93 71.36   1       1.00    0.00    0       87.14   1.00    1.00    1.00    6       34491   -15514229   -16711936   0       
	Tree                93      3874.31 410.69  1       1.00    0.00    0       79.88   1.00    1.00    1.00    6       34531   -15514229   -16711936   0       
	Tree                94      3850.52 353.29  1       1.00    0.00    0       87.88   1.00    1.00    1.00    6       34552   -15514229   -16711936   0       
	Tree                95      3789.92 60.42   1       1.00    0.00    0       73.00   1.00    1.00    1.00    6       34601   -15514229   -16711936   0       
	Tree                96      3854.44 3894.44 1       1.00    0.00    0       66.49   1.00    1.00    1.00    6       34702   -15514229   -16711936   0       
	Tree                97      3817.27 3788.36 1       1.00    0.00    0       82.11   1.00    1.00    1.00    6       34711   -15514229   -16711936   0       
	Tree                98      3938.23 3796.59 1       1.00    0.00    0       74.48   1.00    1.00    1.00    6       34720   -15514229   -16711936   0       
	Tree                99      3730.10 3876.47 1       1.00    0.00    0       82.48   1.00    1.00    1.00    6       34741   -15514229   -16711936   0       
	Tree                100     3249.67 3864.89 1       1.00    0.00    0       83.22   1.00    1.00    1.00    6       34799   -15514229   -16711936   0       
	Tree                101     3365.62 3866.17 1       1.00    0.00    0       67.97   1.00    1.00    1.00    6       34821   -15514229   -16711936   0       
	Tree                102     3901.05 2898.52 1       1.00    0.00    0       68.71   1.00    1.00    1.00    6       34879   -15514229   -16711936   0       
	Tree                103     3844.20 2827.07 1       1.00    0.00    0       84.34   1.00    1.00    1.00    6       34891   -15514229   -16711936   0       
	Tree                104     3825.97 2896.71 1       1.00    0.00    0       69.08   1.00    1.00    1.00    6       34909   -15514229   -16711936   0       
	Tree                107     150.51  3238.84 1       1.00    0.00    0       71.02   1.00    1.00    1.00    6       35666   -15514229   -16711936   0       
	Tree                108     140.49  3322.94 1       1.00    0.00    0       86.71   1.00    1.00    1.00    6       35678   -15514229   -16711936   0       
	Tree                109     427.09  3883.61 1       1.00    0.00    0       79.42   1.00    1.00    1.00    6       35718   -15514229   -16711936   0       
	Tree                110     516.13  3880.09 1       1.00    0.00    0       71.76   1.00    1.00    1.00    6       35727   -15514229   -16711936   0       
	Tree                111     796.99  3913.95 1       1.00    0.00    0       87.45   1.00    1.00    1.00    6       35736   -15514229   -16711936   0       
	Tree                112     1330.48 2884.87 1       1.00    0.00    0       74.74   1.00    1.00    1.00    6       35965   -15514229   -16711936   0       
	Tree                113     2540.20 2841.91 1       1.00    0.00    0       72.86   1.00    1.00    1.00    6       36057   -15514229   -16711936   0       
	Tree                114     2404.96 2895.75 1       1.00    0.00    0       80.93   1.00    1.00    1.00    6       36106   -15514229   -16711936   0       
	Tree                115     2461.49 2842.56 1       1.00    0.00    0       81.29   1.00    1.00    1.00    6       36136   -15514229   -16711936   0       
	Tree                116     1464.54 2906.72 1       1.00    0.00    0       81.65   1.00    1.00    1.00    6       36167   -15514229   -16711936   0       
	Tree                117     1391.83 2895.73 1       1.00    0.00    0       74.29   1.00    1.00    1.00    6       36176   -15514229   -16711936   0       
	Tree                118     1435.97 2852.53 1       1.00    0.00    0       82.00   1.00    1.00    1.00    6       36194   -15514229   -16711936   0       
	Tree                119     1597.20 2266.90 1       1.00    0.00    0       75.01   1.00    1.00    1.00    6       36234   -15514229   -16711936   0       
	Tree                120     1654.51 2310.77 1       1.00    0.00    0       68.01   1.00    1.00    1.00    6       36273   -15514229   -16711936   0       
	Tree                121     1733.92 2361.03 1       1.00    0.00    0       68.01   1.00    1.00    1.00    6       36273   -15514229   -16711936   0       
	Tree                122     1814.31 2337.62 1       1.00    0.00    0       83.43   1.00    1.00    1.00    6       36316   -15514229   -16711936   0       
	Tree                123     1881.39 2344.51 1       1.00    0.00    0       68.72   1.00    1.00    1.00    6       36334   -15514229   -16711936   0       
	Tree                124     1954.82 2316.22 1       1.00    0.00    0       76.44   1.00    1.00    1.00    6       36356   -15514229   -16711936   0       
	Tree                125     2053.71 2275.38 1       1.00    0.00    0       84.15   1.00    1.00    1.00    6       36374   -15514229   -16711936   0       
	Tree                126     2122.63 2242.94 1       1.00    0.00    0       76.80   1.00    1.00    1.00    6       36383   -15514229   -16711936   0       
	Tree                127     2205.88 2246.27 1       1.00    0.00    0       84.51   1.00    1.00    1.00    6       36405   -15514229   -16711936   0       
	Tree                128     2272.50 2217.53 1       1.00    0.00    0       69.80   1.00    1.00    1.00    6       36423   -15514229   -16711936   0       
	Tree                129     2323.93 2200.90 1       1.00    0.00    0       84.87   1.00    1.00    1.00    6       36435   -15514229   -16711936   0       
	Tree                130     2381.90 2156.46 1       1.00    0.00    0       85.22   1.00    1.00    1.00    6       36466   -15514229   -16711936   0       
	Tree                131     2429.47 2110.63 1       1.00    0.00    0       77.87   1.00    1.00    1.00    6       36475   -15514229   -16711936   0       
	Tree                132     2297.55 1552.48 1       1.00    0.00    0       78.58   1.00    1.00    1.00    6       36533   -15514229   -16711936   0       
	Tree                133     2220.69 1539.60 1       1.00    0.00    0       78.58   1.00    1.00    1.00    6       36533   -15514229   -16711936   0       
	Tree                134     2160.84 1530.80 1       1.00    0.00    0       78.94   1.00    1.00    1.00    6       36563   -15514229   -16711936   0       
	Tree                135     2082.81 1534.03 1       1.00    0.00    0       78.94   1.00    1.00    1.00    6       36563   -15514229   -16711936   0       
	Tree                136     2028.58 1558.34 1       1.00    0.00    0       79.30   1.00    1.00    1.00    6       36594   -15514229   -16711936   0       
	Tree                137     1974.57 1577.42 1       1.00    0.00    0       64.59   1.00    1.00    1.00    6       36615   -15514229   -16711936   0       
	Tree                138     1908.90 1589.67 1       1.00    0.00    0       79.66   1.00    1.00    1.00    6       36624   -15514229   -16711936   0       
	Tree                139     1837.19 1605.93 1       1.00    0.00    0       79.66   1.00    1.00    1.00    6       36624   -15514229   -16711936   0       
	Tree                140     1746.47 1651.57 1       1.00    0.00    0       64.95   1.00    1.00    1.00    6       36643   -15514229   -16711936   0       
	Tree                141     1681.49 1641.25 1       1.00    0.00    0       72.66   1.00    1.00    1.00    6       36664   -15514229   -16711936   0       
	Tree                142     1533.18 1825.63 1       1.00    0.00    0       80.73   1.00    1.00    1.00    6       36713   -15514229   -16711936   0       
	Tree                143     1477.28 1853.57 1       1.00    0.00    0       66.02   1.00    1.00    1.00    6       36734   -15514229   -16711936   0       
	Tree                144     2356.53 1522.95 1       1.00    0.00    0       74.09   1.00    1.00    1.00    6       36783   -15514229   -16711936   0       
	Tree                145     2462.02 2038.06 1       1.00    0.00    0       74.45   1.00    1.00    1.00    6       36814   -15514229   -16711936   0       
	Tree                146     3039.64 2050.28 1       1.00    0.00    0       76.23   1.00    1.00    1.00    6       37332   -15514229   -16711936   0       
	Tree                147     3052.71 2113.77 1       1.00    0.00    0       68.57   1.00    1.00    1.00    6       37342   -15514229   -16711936   0       
	Tree                148     3093.83 2017.01 1       1.00    0.00    0       76.61   1.00    1.00    1.00    6       37360   -15514229   -16711936   0       
	Tree                149     2613.29 847.60  1       1.00    0.00    0       69.69   1.00    1.00    1.00    6       37430   -15514229   -16711936   0       
	Tree                150     2617.22 797.19  1       1.00    0.00    0       77.73   1.00    1.00    1.00    6       37451   -15514229   -16711936   0       
	Tree                151     2891.69 1288.48 1       1.00    0.00    0       78.10   1.00    1.00    1.00    6       37482   -15514229   -16711936   0       
	Tree                152     2104.22 772.41  1       1.00    0.00    0       70.81   1.00    1.00    1.00    6       37522   -15514229   -16711936   0       
	Tree                153     2279.26 793.91  1       1.00    0.00    0       71.18   1.00    1.00    1.00    6       37549   -15514229   -16711936   0       
	Tree                154     1957.96 823.56  1       1.00    0.00    0       87.25   1.00    1.00    1.00    6       37592   -15514229   -16711936   0       
	Tree                155     1839.63 792.38  1       1.00    0.00    0       71.93   1.00    1.00    1.00    6       37610   -15514229   -16711936   0       
	Tree                156     1018.39 907.87  1       1.00    0.00    0       80.33   1.00    1.00    1.00    6       37659   -15514229   -16711936   0       
	Tree                157     1306.01 1236.27 1       1.00    0.00    0       66.87   1.00    1.00    1.00    6       37830   -15514229   -16711936   0       
	Tree                158     1305.54 1167.24 1       1.00    0.00    0       82.57   1.00    1.00    1.00    6       37839   -15514229   -16711936   0       
Buildings_EndDefinition